	Actinobacteria	Proteobacteria	Acidobacteria	Chloroflexi	Bacteroidetes	Thaumarchaeota	Gemmatimonadetes_d__Bacteria	unclassified_d__Bacteria	Verrucomicrobia	Planctomycetes	Candidatus_Rokubacteria	Others	Proteobacteria	Actinobacteria	Acidobacteria	Chloroflexi	Bacteroidetes	Gemmatimonadetes	unclassified	Firmicutes	Rokubacteria	Nitrospirae	Cyanobacteria	Others	Actinobacteria	Proteobacteria	Chloroflexi	Acidobacteria	Bacteroidetes	unclassified	Planctomycetes	Gemmatimonadetes	Firmicutes	Verrucomicrobia	Ignavibacteriae	Others
ApE1W1	851.8790164	2674.213707	288.4572788	689.9290991	506.8168536	2.646186875	129.4396417	160.213617	82.08086388	134.7207771	12.12835284	499.483726	652.4018126	52.9601569	40.42014634	31.68460033	18.90313962	2.645666255	11.31202962	5.551224689	1.253781685	1.415857112	0.573964472	25.29298801	60.77835924	51.63843767	32.84961838	12.47155168	36.04909269	14.37521555	5.718165484	10.23973679	2.71897008	2.147411357	5.204351187	17.03761054
ApE1W2	695.3461608	2680.786706	352.9842857	826.8580728	759.6473598	2.623620663	122.9040982	190.6790445	90.77318201	167.4206866	9.515259415	580.3707386	672.9215679	33.23343856	43.96859358	43.3307261	29.3752143	4.446582794	16.98725465	9.665974857	0.617054118	1.579876404	0.619651868	26.23724179	60.94296974	54.74561047	43.01665389	13.67763189	61.18805684	23.55622733	9.419240657	5.094637278	8.871068068	4.981674798	4.770426837	19.76103409
ApE1W3	651.730717	2768.306424	348.4990618	979.2786276	819.1453105	4.080615797	95.70963137	213.7901895	92.59779707	186.5152359	10.62646892	571.5726911	733.5006283	38.31753989	51.94913174	51.62474925	32.60391694	4.111782848	14.66250709	5.882396895	2.475861931	2.785969982	0.164813054	19.26456663	48.05420045	62.36576766	49.76468473	15.2863412	57.4158298	23.09017191	9.826738028	4.297341135	6.690953191	2.94724335	9.922948571	14.10393476
ApE2W1	1864.781899	2155.240802	812.630134	706.3436743	206.7161	145.555122	272.9856315	125.5417604	74.93399565	113.9275751	79.31812265	392.0405632	349.22391	111.2956638	75.5227082	29.39425167	9.196811457	20.67458863	9.283952219	2.430157908	5.532908733	2.2061838	0.849279115	25.16181549	87.65527601	36.95744926	36.41269487	16.52106103	18.67601257	2.036179509	3.966105317	13.42347644	1.924935437	1.290046548	0.641995084	8.81079645
ApE2W2	2000.683699	2111.350501	904.9991176	650.0955204	207.3843942	106.6825453	265.2969604	140.2122216	76.57162017	94.56374654	89.83523725	371.8077675	363.7488607	116.3667487	86.42913249	26.8785231	7.74330031	20.43604013	12.04333815	3.48052941	7.715099629	4.390855894	0.775368974	20.38744267	84.74151485	41.30316264	35.25427764	17.0060208	18.87720066	2.524517838	4.185424891	8.826314723	0.830256501	1.33595726	1.204274967	8.918319353
ApE2W3	1938.207592	2048.60141	933.8182298	690.2180297	200.0508312	164.2770224	263.6721393	145.1546526	77.71215647	101.2707237	79.35073561	381.3586433	355.1198518	122.6176483	90.12455222	27.00708663	6.264309106	22.11638036	10.6270763	3.537317865	6.342227734	1.766546368	0.631796035	26.2594251	76.18191292	35.32547145	38.33747462	19.87266524	16.12546024	1.914479125	4.396304569	13.92462561	1.070097715	1.079374283	1.987052002	6.260305265
ApE3W1	2004.805246	2537.555598	1185.077033	327.062019	213.7900768	26.6260984	93.11382663	97.22646527	261.4693884	75.66693945	257.5606181	273.9412757	479.3353894	120.0213326	87.14543964	8.620193058	3.231142961	1.26412144	5.325405276	0.834744684	14.45166677	4.07549517	0.362278069	19.47012933	114.0344232	85.50380091	17.22400388	44.55849019	17.1921688	2.916348588	10.44506648	6.04355096	4.486624485	2.796666945	0.757051955	11.96786194
ApE3W2	2005.694552	2403.277314	1358.571037	318.7399986	167.0010496	37.02765508	74.92454043	111.4070853	132.9794956	76.55760234	320.2865695	310.8064279	451.1333709	125.075721	94.93720635	8.122690426	5.885366635	2.834404466	4.384258463	1.696771116	19.43444796	6.167929703	0.498712482	9.588245457	99.67125777	87.32210435	22.66204717	54.49749961	16.25254299	3.681627918	7.440648944	3.914641146	4.910006536	3.025488907	0.429195221	7.470687817
ApE3W3	1928.734011	2359.941633	1269.266878	325.827401	262.8791123	35.49373448	92.74213161	102.2313173	157.2705374	88.81780326	364.3819642	288.8873424	440.9072699	118.1107626	100.701605	6.578757574	7.067798067	4.220297397	3.602651559	1.078680375	24.25821272	7.49335911	0.585236114	15.37718119	101.845748	85.10382293	20.0590646	41.15696458	20.97308657	3.043544087	7.642240087	4.232232593	5.705328593	1.729258692	0.368341242	8.980897863
ApE4W1	2785.772087	1855.399648	1036.023092	499.3672173	99.83222664	7.264841946	75.29556046	95.91422531	76.19471688	76.82668457	66.05021874	298.1539683	390.4698919	187.6626457	97.42332196	16.19613596	2.673234994	0.749334597	3.143421605	5.694454187	4.156218723	3.671076247	0.309138352	7.688372896	152.5205192	45.8463159	34.70611456	27.26843322	7.653740332	3.070715723	2.648181781	2.036874727	11.20646316	0.279985488	0.701950641	7.778102956
ApE4W2	2946.270257	1696.777845	1177.256362	533.7488732	106.3901745	5.57792557	73.16980558	92.13343706	85.79461449	82.10325493	77.96758451	284.7975464	364.549389	177.1001153	94.23103258	16.02149831	2.38214207	1.724375968	2.583830589	4.598857749	5.215241709	4.350994576	0.650418576	7.045843842	165.2078251	42.42220244	38.97447644	37.57640414	8.285376994	2.226675294	1.861494167	2.28295641	7.583583306	0.891618302	0.140045145	5.223405815
ApE4W3	2308.751987	2719.940244	435.8399841	263.6239027	237.592493	1.598340624	197.394997	61.98893231	89.86684008	74.54053773	28.07287859	508.9467212	483.2643022	119.3870153	29.09830594	7.831818108	8.039939221	5.037874333	0.826351426	1.867474278	0.420346111	0.36956211	66.94464846	5.615449707	162.9354615	62.18165912	13.64838636	12.65922146	13.98421161	5.016094799	2.212083088	2.860324033	4.147901284	1.697254042	0.221244379	26.96341506
AuE1W1	1078.080723	2139.108688	282.6368781	750.9582819	1194.429813	4.083265992	121.3272245	149.8514293	92.82574303	111.9517705	16.39598537	713.3371076	522.498951	62.7390675	35.75627334	47.28585989	80.56350532	10.20198732	11.76742916	38.63044815	0.147948648	0.73564455	0.883457822	26.37765897	53.24006535	56.13626811	38.85001843	13.88205747	115.1626711	14.80182182	9.215239724	12.14777858	17.23169978	3.46620188	7.05524194	20.27284738
AuE1W2	1426.119592	1829.858172	365.4466371	719.4864924	1671.072613	3.539838616	176.2995775	212.9155881	86.6168457	131.1747469	26.23336951	1013.666203	458.7426755	76.16725999	44.37213575	40.61567895	87.57819647	11.86283171	15.67103706	31.71861408	2.489917937	0.841652709	2.371606007	20.35539898	47.127108	40.26895161	30.29279645	15.04302156	166.2638927	19.93529551	6.51523587	11.58558816	26.88896454	1.381682944	4.397998164	19.1553752
AuE1W3	1473.537311	2475.498473	153.9674725	691.7704843	743.8077214	3.71967474	68.74646519	165.5846583	156.9664379	134.3209265	7.104610405	554.5046883	615.942087	67.12902639	20.6195172	37.05040268	27.05188436	4.833385459	11.83973415	15.24120623	0.122808784	1.260379186	0.509798501	20.35737076	107.6656284	56.89349157	33.72862511	8.977895415	55.18930691	18.95952497	6.966939276	4.871517042	8.730126479	3.572325761	4.132596984	16.54672979
AuE2W1	2007.359867	2223.49339	727.9182812	589.4302825	247.9854548	115.280037	239.2850035	117.452054	76.11553129	99.32240112	54.01878105	381.9572299	417.3861868	113.7146018	71.9785073	21.42944428	7.834517091	14.57663288	8.305481528	4.57633344	3.002985721	2.225888648	0.290477234	24.70386953	90.19609594	45.83883772	32.50770719	19.81064681	20.17897683	2.436129175	6.772378986	9.212975959	3.797051276	0.451269539	2.990312351	8.253606503
AuE2W2	1966.771747	2121.068176	741.802321	716.1886543	385.4998591	75.11523776	239.7192387	126.6937675	76.52687319	97.71466813	34.93118223	425.6841152	386.111277	102.9482755	76.52549315	27.34699755	16.1689289	16.87063427	8.265330002	7.116496209	0.95561509	1.27008498	0.099698508	30.85145999	99.25232442	47.56956747	40.12925914	18.2758523	34.67359764	3.542722318	3.489272923	11.65973234	2.482002357	0.49156903	4.878757131	8.860970087
AuE2W3	2237.477454	2219.687943	591.5149941	544.5914434	385.2566659	69.10448891	211.8759007	112.5035306	81.85115782	88.79170354	35.08082735	339.8623314	428.8765093	119.3075312	54.96134721	23.66902232	16.8056021	14.00840631	9.158151415	5.134572815	1.232076704	1.207564812	0.184793904	25.54449395	120.216068	56.10040319	25.89816931	16.26287084	34.5986569	3.906144412	4.130311517	9.167380441	2.580709878	2.184364861	1.856995989	8.578866604
AuE3W1	2736.364519	2194.198653	1190.076094	290.1785744	199.8653644	93.8568486	65.89458467	92.27544391	113.9436474	81.76152564	192.9385895	228.1101441	400.3274298	199.97489	85.65854582	5.61532175	4.055500793	0.493888159	3.195246405	2.405158642	9.503529815	5.968694236	1.604090417	5.744711843	141.9049166	72.71240631	20.33728539	22.38600422	14.98504306	1.588884715	10.55652434	2.7334432	5.075572349	1.485406245	0.182329102	5.605016197
AuE3W2	2058.95845	2693.796261	949.3641766	278.0170308	282.613185	37.78231209	64.2543265	105.9310645	144.2316122	76.60802978	397.2435388	239.3082994	538.1042204	140.6400232	75.28415559	7.68458469	11.19420728	1.470572655	4.497551442	1.571271393	23.37615095	7.65810883	0.990887164	12.06930985	117.1713476	147.9464646	20.69660464	27.59012267	27.42671255	2.4767911	4.365970881	4.888581577	2.980303206	1.855465129	0.158411994	7.654097756
AuE3W3	2715.484246	2465.044502	928.4344557	236.0232893	210.6777356	28.20552737	52.26130294	80.74073653	135.0102808	66.74485199	177.0000793	234.5860015	495.0655432	159.8599104	67.99691286	6.291933208	5.980736869	0.93628124	3.749597878	1.023990966	8.643280835	4.112622607	0.513520191	9.453153572	231.1978382	103.3776492	20.41216393	31.12543124	15.22232978	3.279027191	5.16309966	2.709356771	3.452662926	2.184810862	0	5.227881546
AuE4W1	2659.365746	2323.526973	670.463466	403.8288851	249.170891	2.651257896	46.4199883	67.48394029	72.52255873	62.60107286	26.0500441	394.1897167	556.8794297	136.2948556	61.04556017	14.96926179	25.62429321	2.436101077	1.373769956	9.451798251	0.732815456	1.274644002	1.197916315	5.566956638	172.0601846	76.83795875	25.29551246	16.77309025	18.38399452	3.368446863	3.890348953	2.637361448	14.05901307	0.858789915	0.99161998	9.948547666
AuE4W2	2917.598521	2202.633924	849.9410931	326.8672598	146.7128785	15.59213476	55.70622477	84.95170495	79.72854492	72.42732558	72.17353298	252.1642592	453.3423431	185.1953165	68.01475964	10.08236714	6.2491108	3.197896802	1.436007772	3.476284594	2.964273114	2.072082821	1.148619049	5.210645219	194.9262375	68.5053796	20.25587818	23.35511677	9.635566719	3.744607956	2.950868495	2.21704184	3.138329491	1.297457904	0.23405291	9.184865548
AuE4W3	1579.581002	2203.862909	791.4354701	787.8494986	262.0764118	10.75984913	87.60089962	135.1899278	100.4102321	94.17049534	125.0828014	356.7153921	521.1843187	100.3257118	117.8639038	23.78444895	8.204123155	3.762075138	10.74851666	8.289447073	11.87999242	3.007602917	0.264946369	10.28336705	83.9353809	46.17688391	59.28132393	22.07148786	27.45048103	4.995945375	3.118437082	2.371304483	11.50482642	2.932939871	0.287855945	15.560605
JuE1W1	1137.966439	2347.32134	153.6053169	784.2238576	765.6839049	2.077476723	36.59690544	368.1548136	125.6065517	231.4926117	7.927350716	563.7438921	535.0774139	44.17087837	14.90237561	41.47659254	24.8048467	1.076144559	31.71802617	8.80615434	0	1.290976842	0.589325383	22.08962021	96.58306066	60.03012636	38.37139659	8.311718478	57.51592909	53.27229574	13.93522814	6.913029404	7.846781983	4.252157882	4.411009215	21.86340583
JuE1W2	1124.442313	2431.655257	168.1099542	1077.647939	580.2545677	7.880127458	102.2885644	308.0023742	76.59268909	247.4141787	9.83801843	583.0425968	551.3529685	48.48126052	15.00465241	49.62849811	19.09677297	5.445249362	30.06618364	5.310944617	0.635634777	0.441980324	1.58313405	21.18372909	58.4852923	63.596437	47.77753217	5.975459518	53.43592851	44.95429643	16.24584895	6.478500344	14.48688549	4.875502726	2.655940926	28.41270812
JuE1W3	1103.912762	2304.551591	178.8505052	1030.328365	1227.0271	1.428621333	88.13529463	347.4150166	138.8619583	205.1348048	7.433673615	714.029443	547.7644167	70.81794557	23.51306904	59.35987535	41.84363863	3.757768241	33.6445667	8.630103804	0	1.088639083	1.197330145	23.90735832	87.11063165	45.16766385	48.22045208	6.445260626	79.48325827	55.96135571	14.11577091	5.544289599	4.994857225	7.744674584	9.039686691	20.65233631
JuE2W1	2029.934967	2014.105868	709.1048952	752.584865	279.9486995	133.1316576	208.0221113	112.8382734	67.06487652	88.25651972	46.33361893	538.2663523	370.1580337	107.7192838	68.89174875	32.12107653	13.62364228	15.17227408	7.398420627	15.67004425	3.299022696	3.323559706	0	22.74578066	92.68141208	44.0493071	43.49887507	14.25126168	20.11093066	2.255805837	5.104172753	10.01238469	8.73988764	0.288669779	5.712455304	10.79549763
JuE2W2	2204.817066	2227.423588	488.2603548	758.6972761	402.2925	72.09981764	163.7972944	102.0286205	62.49213684	85.56377104	24.98633061	395.1745019	455.0046049	101.8693794	43.3665388	31.12804461	24.98518493	11.47429433	9.246486263	13.4516518	0.33182145	0.438773657	0.097728544	26.86063296	106.4185574	61.90751859	43.96758588	10.7518446	35.80775473	3.15304089	3.777009068	8.092762778	5.936652854	0.711225215	6.551062803	12.68326115
JuE2W3	1970.761052	2229.321636	647.6309299	666.9720702	284.877178	130.1026233	208.5077321	115.2794209	68.19312695	97.01452603	43.2649241	402.1268255	406.4606516	102.5950649	57.54145411	27.73202851	10.34190162	13.56788824	7.304581194	6.739258563	1.452293236	1.735024273	1.371678102	27.11885529	91.14964284	50.35330679	36.9354334	17.99605488	23.04247956	3.337594889	5.580604779	10.09496212	3.365834563	0.505840066	2.565504975	9.840702788
JuE3W1	1321.087921	2485.34853	1470.227519	358.0696042	235.4593214	45.13677655	68.20403462	121.6916421	160.7003048	91.6853002	411.577311	301.1156796	455.6207227	87.76583651	120.4339034	8.514887015	8.041669553	2.627860227	5.679149192	1.277250859	28.36216021	9.811028397	1.985952014	10.6422103	61.32302041	93.16289341	22.26513508	43.08891443	18.64754973	2.095586333	6.632803806	5.570213962	4.534785421	3.135682928	0	6.287254802
JuE3W2	1432.512912	2331.189393	1433.663263	300.8234829	135.942972	146.9748878	60.54942251	127.9862098	117.822589	91.00918576	362.2641178	338.9465861	453.2815243	124.1555177	133.3974439	7.717372513	2.729446965	1.341287997	6.076185186	1.135751665	23.96800288	14.23057835	6.245442414	7.90928715	53.72922321	87.26601633	19.62997038	46.33815953	9.668993158	1.601746754	5.157772322	4.339166677	2.946613261	0.594064215	0.341289803	7.814591092
JuE3W3	1988.123231	2431.014267	1181.786656	321.7476234	224.9735635	28.84561605	80.26505859	91.61477786	118.5390583	68.43433346	251.3986801	292.2370827	517.2226825	126.4015148	84.14334552	9.616698817	6.482566255	2.692297486	6.939442774	1.554253345	14.04060287	4.890406683	0.264146508	7.926517521	108.2908528	103.9182834	21.94842712	36.48148014	25.62995817	1.638301092	7.475364131	5.260329662	5.737744617	2.457530074	0.344839077	11.79329938
JuE4W1	1671.305237	2017.043506	1363.442405	908.2250702	297.6986773	0.958274353	129.1670229	184.1225526	121.6185476	123.2763354	44.87116739	510.8380902	453.618103	106.0347698	124.5174662	32.08042776	6.484177517	6.077908949	10.55798887	4.074440165	4.152233854	6.837150761	1.156080626	10.74385014	78.46627017	39.11756829	68.13303031	62.49019656	26.1157988	7.112983752	3.454969975	5.282487644	6.098589993	3.411921465	5.115040473	16.73580574
JuE4W2	1388.181281	2160.444696	1705.972483	672.0090155	192.892126	1.058042167	130.4393691	129.1391643	136.2307577	137.1526019	182.8342129	406.5798726	448.8631954	100.3551096	153.1290329	25.10334348	2.342744157	7.828730996	8.318461414	6.334987207	12.82290391	2.083138308	0.089591111	8.990322559	68.58476083	44.35534493	56.89635616	75.240501	14.0838568	4.23692992	2.929935624	10.15747182	7.593001144	2.725981333	1.82403436	17.55089746
JuE4W3	1840.123479	2107.600166	1292.892756	849.9016818	237.2777197	2.260581722	105.6314086	146.5943692	118.7756101	118.197202	46.09248311	437.7610962	479.7765748	109.8834503	107.2398261	26.97738449	5.228432805	5.400840374	8.373415205	1.738371787	4.436033003	3.97661416	0.572517302	6.629475779	82.42496116	54.17244439	62.36921113	54.43132557	18.79701939	4.84759988	4.57793059	8.339862339	5.988331323	2.939017213	2.223473578	17.50011631
