	Actinobacteria	Proteobacteria	Acidobacteria	Chloroflexi	Bacteroidetes	Thaumarchaeota	Gemmatimonadetes_d__Bacteria	unclassified_d__Bacteria	Verrucomicrobia	Planctomycetes	Candidatus_Rokubacteria	Others	Proteobacteria	Actinobacteria	Acidobacteria	Chloroflexi	Bacteroidetes	Gemmatimonadetes	unclassified	Firmicutes	Rokubacteria	Nitrospirae	Cyanobacteria	Others	Actinobacteria	Proteobacteria	Chloroflexi	Acidobacteria	Bacteroidetes	unclassified	Planctomycetes	Gemmatimonadetes	Firmicutes	Verrucomicrobia	Ignavibacteriae	Others
ApE1D1	3027.638141	1680.535633	723.6816603	421.7581479	86.58556015	201.9652053	150.7095682	105.1353601	49.05793585	79.84485082	27.64307516	405.280139	248.5113132	223.9006144	87.67580033	12.53888913	5.196017299	13.60438263	7.692466781	3.593354235	0.110696033	0.120813412	9.750119151	20.72568973	177.2503099	43.82322065	10.54909886	27.3112859	7.398813914	6.42785878	3.653227699	7.430069251	1.813333422	0.19711662	0.111244033	3.758287092
ApE1D2	2528.234469	1491.675942	593.9118837	451.5389695	78.10913054	281.6614537	147.7695716	125.9269664	43.01805466	76.67480126	43.86540434	385.6896409	228.2114197	202.8296266	65.94650349	14.50902834	1.978459374	14.06432514	9.859857412	3.204778512	0.80331425	2.099211506	3.085193438	28.00447965	136.2635146	32.50997494	12.55918007	24.78634142	8.267159895	3.981027979	4.579664721	6.721846134	3.744644648	0.471746994	1.076410304	7.201584208
ApE1D3	2308.882133	1580.158174	548.076999	572.4609503	199.1947959	260.9733577	297.8464415	168.4509161	94.73856044	114.2422559	37.1593642	477.3141332	200.4158212	151.4160206	49.14646553	20.16549102	6.494818759	39.92746513	12.93374452	1.657694373	0	0.184132369	2.891817069	35.71762801	90.09055714	34.94391025	20.04530308	12.95585561	15.00852498	1.029734832	3.469473223	10.45791574	6.13172639	1.183730887	4.148710117	15.40962379
ApE2D1	2980.381074	1477.972804	1088.133928	444.4967567	194.2180257	350.2172808	100.9278118	115.6711004	75.9587709	98.24832367	36.86740383	345.794346	266.4058852	258.390167	137.2938491	22.1051553	5.813532201	7.686280381	9.7248763	8.757939841	0.462601289	3.055336908	1.376151787	10.17019826	162.6426364	57.01752459	14.31700912	34.72446738	17.09615533	11.94062749	3.86003397	3.177410795	1.96556514	1.926572936	1.678698008	7.253701437
ApE2D2	3127.143793	1561.018783	990.7559184	394.7174514	142.4738055	296.90876	136.0999978	106.6537805	77.29465797	90.07084196	31.61520279	342.5967419	281.9253475	258.5789246	112.6887919	15.17401202	2.854533388	5.780079403	6.942448124	5.978942428	0.188383004	2.354153477	3.74815329	7.031592623	159.6385192	65.67330882	10.57754886	40.99992974	12.60562581	12.32791951	2.993937395	4.086490837	0.583389555	0.851715018	0.252246271	6.179433937
ApE2D3	3001.962978	1544.351713	1160.9363	453.5035986	164.5813107	305.7777474	102.0347334	122.6656843	86.28750623	106.937372	38.23721598	344.7773168	262.8328536	253.8798612	137.6945969	22.95828468	2.777074485	4.170926856	10.87612493	7.909445193	0.853029498	1.44853395	5.520989673	7.628663854	170.6630537	57.83345534	11.9596793	45.06088908	13.26268627	13.64463937	4.441479198	1.052897948	1.842563796	1.178270191	1.543084191	5.312121903
ApE3D1	3721.384161	2004.064573	697.911035	210.2810101	427.379264	145.9877228	54.43301861	66.84005647	71.33167953	56.93711053	75.25306026	157.2491129	388.7389003	214.6000591	56.68686986	8.478403695	17.03377969	3.38223351	1.836260535	1.604549362	1.906549156	0.993762275	0.90500773	6.35110328	258.2119791	94.04995568	12.94843249	17.96835034	60.16728447	5.162680177	6.055656972	1.476078456	2.573847384	3.177066243	0	9.900907021
ApE3D2	3666.020387	1960.65192	790.7930924	264.2271574	151.9382874	170.8832895	62.81161274	69.71634821	88.94951361	57.41021862	97.44726304	168.9737029	408.5004782	231.0953962	80.50970329	7.488910491	3.764506823	2.633625434	1.060108137	1.705489177	3.607818317	2.237366227	1.105790732	8.294405032	233.6171844	79.31866243	19.92306105	22.99209051	17.92336747	2.78017781	6.836393149	1.552294088	1.968340672	2.587120256	0.130685823	6.980817983
ApE3D3	3955.334652	1655.89191	772.4757135	312.1104789	95.96139409	224.9244016	71.50416375	76.59818992	120.0777732	49.02995892	145.1960359	160.2455079	324.8298986	269.1167084	66.23782376	12.00000781	3.769181522	7.370531978	1.580908572	1.531982327	4.837233959	1.985984879	2.349013945	8.916770227	231.6370522	62.1484699	27.17651928	25.50712904	12.45163367	1.694067927	6.43261241	2.028067222	0.426554179	1.184930564	0	6.344299589
ApE4D1	3433.89868	1710.753169	944.9563339	322.0786131	112.8379811	190.5796063	85.03746621	88.01441463	104.4470752	71.53741243	112.6257863	202.3948692	339.8008787	209.9248341	84.82001527	15.18596003	6.50934988	4.578677104	1.299548458	1.340686714	6.004841494	11.13077547	2.019829109	5.95515889	210.2777476	64.81866789	26.91831901	23.40876025	9.635754326	2.743931947	6.683527363	2.297580704	2.886538898	1.424002301	0	7.132821396
ApE4D2	3281.62063	1621.003581	972.893187	373.6714365	100.2932791	234.8671519	98.34791368	93.91188083	91.00333909	62.38170585	134.548725	218.0584319	353.2667092	238.6130476	93.27732258	15.85008297	4.710661785	7.217425057	3.225211933	2.324937681	9.10976219	8.946006998	2.159053045	5.728936412	175.9092962	59.59517481	27.49477991	25.77853098	9.793657266	1.644943761	5.86635393	2.520540652	3.041370733	3.053136549	0	8.360443076
ApE4D3	2562.410927	2008.449133	1150.63726	537.0734635	142.6561489	87.69918002	96.21572548	108.7914923	114.2145822	70.28881823	106.2340926	294.5858994	380.6841386	175.9326101	107.8459671	12.46007948	7.76266129	4.08217731	5.129085006	3.953871362	5.529454863	4.097029975	0.217577539	6.664239392	146.8205242	52.81804502	36.82732463	30.45864746	14.22417989	3.74008033	4.061435313	2.538455801	5.896329757	1.547416154	0	12.59031496
AuE1D1	2112.308691	1875.163917	657.5675915	590.7482042	190.4562429	177.7203892	327.2137118	165.4010152	74.24529809	121.4024146	38.03088089	451.6692317	261.2712858	137.1153693	57.55559666	19.80083505	4.605836855	37.27891047	18.25695024	1.370980259	0	0.299742333	4.261494297	41.6454088	75.64592442	39.14911321	21.63565736	17.91448197	18.28071051	1.672951062	4.334216387	12.11271685	5.109262544	0.537214229	1.012978206	13.71059498
AuE1D2	2686.252149	1625.567094	693.3119745	606.123175	129.1044374	244.0341901	208.3243136	154.677155	53.37030553	87.98029028	33.43733532	392.1467648	209.398614	164.7439837	68.43570192	20.20852019	3.66180909	21.47902518	10.17400933	1.383475978	0	0.453620187	1.390299751	30.16844008	125.1966821	39.6880633	23.28407212	22.65816473	12.4607193	2.622089396	4.196518737	8.564173003	2.933717784	0.743214079	0.657141285	11.276857
AuE1D3	2529.616097	1899.347043	620.6105051	474.570485	143.2907891	159.5323734	240.4025219	135.9921606	49.46343923	90.73104371	26.92144617	387.9067931	274.3771078	155.137714	61.62068515	15.69377676	5.490445481	20.25480747	12.83774295	3.639540304	0.125786199	0.760111154	2.944266377	31.45350071	128.3332107	41.8664232	11.70427462	20.41893404	17.19636603	3.15040008	2.871526954	11.19009096	2.777424784	0.979407536	0.286965892	9.176273196
AuE2D1	2768.713552	1542.009635	1665.854411	409.869945	225.649449	201.6728378	84.80274186	104.5016119	76.45833946	119.03395	34.00736586	367.8908417	270.7554679	238.2807341	237.7966548	14.95478024	6.025452271	4.793509881	7.488760878	8.041135052	1.041599222	1.335558401	5.738861825	7.058606707	164.2402458	54.54828639	11.81521471	45.78592913	21.58216797	10.78999819	5.461600532	2.434194182	2.601530596	2.05142167	3.026012454	9.559051348
AuE2D2	3064.013309	1585.17358	846.1211531	366.5071829	287.9130666	151.7135854	85.08466553	93.59383331	75.88202376	100.7031216	25.07958916	334.9100391	269.8997907	266.477644	137.1413124	20.64477821	19.66399161	10.26471654	11.05694625	6.564678425	2.077961733	0.337766146	10.4035431	18.19394356	200.6495694	80.5262067	14.34252426	77.09764826	34.9275435	14.43244419	10.6382858	7.317911257	1.97391063	4.786867277	0.47668617	15.73483741
AuE2D3	3319.775371	1626.719458	898.3823782	383.3436976	126.6503765	293.2204519	119.1268217	96.29260194	83.46861898	72.61963432	32.39290929	294.5656036	287.389396	288.5606016	98.34562025	17.90608964	3.278365746	7.794178619	6.035591068	4.295887457	0.546803045	3.29353043	1.59426793	7.958591836	190.3057195	64.36990748	16.55558679	31.27928261	11.55633562	10.42143504	5.6224704	2.423062808	1.119669326	0.975424377	0.229767454	13.81704357
AuE3D1	3372.939063	1712.261181	959.7203657	315.2095368	144.7682619	310.0243083	83.35526716	90.15244358	91.09411458	60.3881607	144.8634571	201.5465877	332.870513	212.2696761	82.63397465	10.22741836	4.458855245	5.984410737	2.573191301	2.832646954	5.94305876	5.948691585	1.009426848	6.161998188	197.9650463	65.13219502	23.46963055	23.27621518	17.05513679	4.926731273	6.377415378	2.192900176	1.681309272	1.897602278	0.833028732	12.05085736
AuE3D2	3919.001251	1776.310647	769.412683	257.7722416	119.3748184	145.7537074	57.63381047	77.55005848	82.65239744	56.30189093	91.07254572	165.6760306	376.7298131	268.8200627	60.38409564	8.388789816	1.796826358	1.931905664	1.320302313	1.574006573	2.02029415	1.682838401	0.539693445	4.424759048	235.9254991	68.54387294	17.99771196	15.08519642	14.51597158	5.445182381	4.910067931	1.634728555	1.314138549	1.573861664	0	10.8685471
AuE3D3	3513.719673	1722.430903	801.4495974	270.8401492	149.7931832	315.2227585	86.94005272	88.04667951	95.86795904	53.31006285	150.4130885	209.0321214	408.1095127	235.5187497	60.11974545	9.282863327	8.927459237	6.287847816	3.016431903	1.713024697	10.95331347	3.768890809	1.178426336	6.208001789	216.5654722	92.80842474	25.24844003	26.89757812	15.65490594	4.854697051	2.08588025	4.397867343	3.687855497	0.442012578	0.159126148	8.383592872
AuE4D1	3050.517192	1720.3401	1189.06951	388.1560555	113.774517	196.0503484	119.9373496	80.02006776	104.5545099	65.29082725	148.7600115	213.5238454	332.3411612	215.3573174	105.955236	15.85402495	2.06891233	7.108199017	3.268025384	1.925062783	6.925974738	8.934683196	2.325112662	8.601118528	151.4721313	54.8987589	31.0889657	28.82469634	13.39018422	3.026433376	2.079617418	4.889317648	3.78565086	2.092644592	0.128481899	11.34705059
AuE4D2	2885.296706	1504.351897	1249.669094	452.8237978	118.4820341	253.008206	141.4670002	116.7175859	115.9900952	70.27479628	183.6420993	239.056203	310.5281152	216.6321016	120.6902273	17.28905823	4.886610988	8.409742586	4.279198624	1.707423396	9.227558186	13.4876329	3.832943024	4.839777572	140.0353549	55.35928873	32.73488376	24.27840617	14.45239056	2.642613473	3.936855028	8.760659513	2.344844666	3.947348894	0.392964322	7.989642964
AuE4D3	3031.20641	1548.09387	1129.733858	413.7041152	151.2628531	235.7336369	145.1612053	103.0115005	115.5650059	64.68017252	204.0278247	245.2747806	312.8540717	195.3636692	108.3802714	24.82150429	8.807477996	8.232368131	3.567287408	1.256486205	10.41527874	12.85773285	2.607991998	7.315960945	158.5501972	61.10947781	31.75334653	22.65887202	13.00103105	3.779960026	6.746041505	7.352305923	2.313592378	2.600798699	0.124798763	8.440111803
JuE1D1	2731.258954	1501.11901	666.5294798	609.3041637	98.6192869	287.8090795	193.3886428	145.6888674	43.30468476	87.52773675	37.85406267	388.1267429	191.0370062	196.2324897	70.01640265	18.95338414	2.814617289	18.36098884	11.4319457	2.447973915	0	0.643887069	1.208423336	29.10948023	121.4909364	31.33188404	23.07484944	20.75377539	8.807603153	2.911467859	3.764675657	5.943995325	3.863967067	0.974338242	2.087612281	11.26856013
JuE1D2	2833.257346	1807.455387	725.3279621	431.6987623	76.14176311	258.3898658	154.3862541	116.8439169	52.71915371	86.29321727	27.78635624	360.4388282	272.2724703	209.3282904	87.98317963	18.97907426	2.66917463	14.85751209	10.31219234	5.579221789	0.280486252	0.627773333	3.420579878	23.6229531	170.9243378	43.8309726	12.96598225	22.20395409	7.532415106	5.29213554	4.436347711	5.327915612	3.882182758	0.475661562	0.803436685	6.13971849
JuE1D3	3338.503768	1596.546509	587.7582057	501.5280512	101.2116098	124.0450502	155.9293562	118.0029126	45.11244433	83.87172268	22.38267439	348.171187	248.0522358	217.0149141	68.95520535	19.68735983	2.965100888	8.830002639	9.658009237	6.188963179	0	1.0458274	3.62016997	14.77174875	215.4044818	46.63319156	15.61576086	17.51221347	8.55366727	2.615385462	5.806421722	3.000046291	2.211576576	0.14220773	0	5.543456552
JuE2D1	3216.610154	1764.868396	870.7240658	443.906072	203.866362	286.9543874	103.7421208	103.6906639	64.40202634	62.96076802	27.68990412	295.5000885	323.4415928	260.9317513	105.9527486	13.99595993	5.884228396	7.598046243	5.568572582	6.132532644	0.192977312	3.018099746	3.657322717	5.671083652	216.4550226	69.75234485	13.30950466	30.12790133	26.01841633	10.98342287	2.244724051	1.607403878	1.533659297	1.110596249	0.582405516	7.580247694
JuE2D2	3307.820543	1882.847036	905.2164347	420.0762442	223.2041371	184.6681156	81.33652899	88.60836276	54.46855876	74.53867414	30.68338309	306.9151251	330.536312	265.1178337	103.8204734	15.17538665	5.679590005	4.701899933	4.708953132	6.01474659	0.055252557	1.704700122	4.145873548	7.131772738	235.3880785	84.61956561	9.032693138	39.84111131	22.91269885	8.498851418	3.073048803	1.488348122	1.6285801	1.281886696	0.745418169	8.490567079
JuE2D3	3185.074734	1702.335928	884.9732885	543.2688272	128.0156136	258.9659713	110.9009014	107.2622677	78.958118	96.41185301	28.18391233	335.6608441	298.2821581	267.0734137	86.55588041	18.05557023	4.808372088	7.063650677	7.631219451	8.170326168	0.518913091	1.220165541	0.562879107	7.350813536	164.9088108	53.83070511	17.30491401	32.08529206	15.96071573	9.846715098	3.069973075	5.049140944	3.803992324	1.692394912	0.797840468	8.64007598
JuE3D1	4071.883406	1798.469619	764.7432327	293.4390531	85.69839953	110.8708208	71.51966669	70.08041308	70.0527299	47.64791704	76.85529639	196.848027	375.7865987	301.7586348	84.97898367	15.87451606	3.634569576	5.194920158	0.173549216	3.452063289	0.732417184	0.500521771	1.645001347	9.581142721	249.2241635	88.40423192	27.8628464	37.89451316	12.10063101	1.814089091	4.477404105	3.913903144	3.660085414	1.005528352	1.57147718	13.06306514
JuE3D2	4050.653553	1940.498416	593.988097	247.751791	115.7496083	53.35523573	67.25112135	58.83196764	110.5009562	50.65980086	68.38950043	130.1198504	399.8404668	256.5230805	51.01755543	11.04361433	8.738050266	4.133444085	0.232119236	2.532714297	2.227309091	0.167241189	1.664382403	9.865839096	312.4116085	90.40965412	15.74810258	18.58292468	11.90137394	2.575755343	4.707767833	4.619422987	2.197696918	2.028074769	0	8.948003255
JuE3D3	4519.943762	1701.480019	515.7912142	248.8352068	84.06967366	141.8056389	48.73346683	60.19944656	73.87066085	43.35277723	82.8623943	151.1847308	353.448635	292.0544534	37.63938126	12.85031463	2.194144106	2.084441536	0.749677917	1.56765172	2.23941454	1.11727788	1.040762547	6.617751535	335.3410389	88.62546835	17.38761848	17.22113036	7.997943274	3.477032022	3.910746986	1.532585786	0.55755859	1.767703176	0	10.38136513
JuE4D1	3184.37696	1805.357127	977.110815	341.1094103	147.3787892	207.733439	102.3030442	75.32142094	101.4644635	62.75969165	118.7762759	208.9358382	368.9685234	211.2648623	97.43185266	15.00937542	6.680220994	4.835673509	3.881214884	1.218080059	6.814205589	5.864405421	1.168522948	8.581393547	185.9639549	77.19443795	22.46128318	25.27409652	12.99914181	3.510314407	6.652199917	3.628203066	1.430122339	1.435164629	0	14.01429784
JuE4D2	3067.698659	1855.127703	1016.406393	365.6880604	140.4731519	219.1995151	109.8275988	84.41833436	98.72462639	67.38185683	126.7383147	211.6989974	357.597342	205.7423225	93.10693945	11.69343385	6.711214554	6.900867625	5.311421261	2.415968157	6.004727192	6.225946156	2.571159545	6.892711487	181.2491757	77.60474058	19.3870573	26.51470059	12.38886154	2.499642103	3.740872541	5.601508799	2.203035287	1.895277574	0.217898122	6.591323631
JuE4D3	3088.172597	1672.65372	1041.79421	406.3354965	111.1055405	221.0547143	109.5265478	96.61494767	101.7654031	57.62388731	138.3149738	222.6071026	357.2436211	208.4171996	97.90650358	16.62090057	4.80215951	4.453292645	3.023152554	2.204522353	5.455292286	9.794879194	3.398578398	6.289394185	165.2158069	63.82729298	24.84715456	25.01092558	14.06931175	2.332456961	4.332808683	4.992426211	2.805680669	0.587776192	0.925356232	11.07159819
